1 0    
1 1    
1 2    
1 3    
1 4    
1 5    
1 6    
1 7    
1 8    
1 9    
1 A    
1 B    
1 C    
1 D    
1 E    
1 F    
1 10    
1 11    
1 12    
1 13    
1 14    
1 15    
1 16    
1 17    
1 18    
1 19    
1 1A    
1 1B    
1 1C    
1 1D    
1 1E    
1 1F    
1 20    
1 21    
1 22    
1 23    
1 24    
1 25    
1 26    
1 27    
1 28    
1 29    
1 2A    
1 2B    
1 2C    
1 2D    
1 2E    
1 2F    
1 30    
1 31    
1 32    
1 33    
1 34    
1 35    
1 36    
1 37    
1 38    
1 39    
1 3A    
1 3B    
1 3C    
1 3D    
1 3E    
1 3F    
2 2B    
2 2C    
2 2D    
2 2E    
2 2F    
2 30    
2 31    
2 32    
2 28    
2 29    
2 2A    
2 2B    
2 2C    
2 2D    
2 2E    
2 2F    
2 2    
2 3    
2 4    
2 5    
2 6    
2 7    
2 8    
2 9    
2 12    
2 13    
2 14    
2 15    
2 16    
2 17    
2 18    
2 19    
2 3B    
2 3C    
2 3D    
2 3E    
2 3F    
2 0    
2 1    
2 2    
2 1D    
2 1E    
2 1F    
2 20    
2 21    
2 22    
2 23    
2 24    
2 1E    
2 1F    
2 20    
2 21    
2 22    
2 23    
2 24    
2 25    
2 A    
2 B    
2 C    
2 D    
2 E    
2 F    
2 10    
2 11    
2 1    
2 2    
2 3    
2 4    
2 5    
2 6    
2 7    
2 8    
2 28    
2 29    
2 2A    
2 2B    
2 2C    
2 2D    
2 2E    
2 2F    
2 37    
2 38    
2 39    
2 3A    
2 3B    
2 3C    
2 3D    
2 3E    
2 1A    
2 1B    
2 1C    
2 1D    
2 1E    
2 1F    
2 20    
2 21    
2 3    
2 4    
2 5    
2 6    
2 7    
2 8    
2 9    
2 A    
2 14    
2 15    
2 16    
2 17    
2 18    
2 19    
2 1A    
2 1B    
2 38    
2 39    
2 3A    
2 3B    
2 3C    
2 3D    
2 3E    
2 3F    
2 29    
2 2A    
2 2B    
2 2C    
2 2D    
2 2E    
2 2F    
2 30    
2 3B    
2 3C    
2 3D    
2 3E    
2 3F    
2 0    
2 1    
2 2    
2 3E    
2 3F    
2 0    
2 1    
2 2    
2 3    
2 4    
2 5    
2 3E    
2 3F    
2 0    
2 1    
2 2    
2 3    
2 4    
2 5    
2 10    
2 11    
2 12    
2 13    
2 14    
2 15    
2 16    
2 17    
2 E    
2 F    
2 10    
2 11    
2 12    
2 13    
2 14    
2 15    
2 2C    
2 2D    
2 2E    
2 2F    
2 30    
2 31    
2 32    
2 33    
2 26    
2 27    
2 28    
2 29    
2 2A    
2 2B    
2 2C    
2 2D    
2 2D    
2 2E    
2 2F    
2 30    
2 31    
2 32    
2 33    
2 34    
2 11    
2 12    
2 13    
2 14    
2 15    
2 16    
2 17    
2 18    
2 11    
2 12    
2 13    
2 14    
2 15    
2 16    
2 17    
2 18    
2 28    
2 29    
2 2A    
2 2B    
2 2C    
2 2D    
2 2E    
2 2F    
2 2C    
2 2D    
2 2E    
2 2F    
2 30    
2 31    
2 32    
2 33    
2 35    
2 36    
2 37    
2 38    
2 39    
2 3A    
2 3B    
2 3C    
2 12    
2 13    
2 14    
2 15    
2 16    
2 17    
2 18    
2 19    
2 4    
2 5    
2 6    
2 7    
2 8    
2 9    
2 A    
2 B    
2 20    
2 21    
2 22    
2 23    
2 24    
2 25    
2 26    
2 27    
2 3A    
2 3B    
2 3C    
2 3D    
2 3E    
2 3F    
2 0    
2 1    
2 6    
2 7    
2 8    
2 9    
2 A    
2 B    
2 C    
2 D    
2 33    
2 34    
2 35    
2 36    
2 37    
2 38    
2 39    
2 3A    
2 35    
2 36    
2 37    
2 38    
2 39    
2 3A    
2 3B    
2 3C    
2 24    
2 25    
2 26    
2 27    
2 28    
2 29    
2 2A    
2 2B    
2 11    
2 12    
2 13    
2 14    
2 15    
2 16    
2 17    
2 18    
2 3F    
2 0    
2 1    
2 2    
2 3    
2 4    
2 5    
2 6    
2 25    
2 26    
2 27    
2 28    
2 29    
2 2A    
2 2B    
2 2C    
2 3A    
2 3B    
2 3C    
2 3D    
2 3E    
2 3F    
2 0    
2 1    
2 36    
2 37    
2 38    
2 39    
2 3A    
2 3B    
2 3C    
2 3D    
2 3F    
2 0    
2 1    
2 2    
2 3    
2 4    
2 5    
2 6    
2 3D    
2 3E    
2 3F    
2 0    
2 1    
2 2    
2 3    
2 4    
2 B    
2 C    
2 D    
2 E    
2 F    
2 10    
2 11    
2 12    
2 38    
2 39    
2 3A    
2 3B    
2 3C    
2 3D    
2 3E    
2 3F    
2 26    
2 27    
2 28    
2 29    
2 2A    
2 2B    
2 2C    
2 2D    
2 6    
2 7    
2 8    
2 9    
2 A    
2 B    
2 C    
2 D    
2 36    
2 37    
2 38    
2 39    
2 3A    
2 3B    
2 3C    
2 3D    
2 24    
2 25    
2 26    
2 27    
2 28    
2 29    
2 2A    
2 2B    
2 16    
2 17    
2 18    
2 19    
2 1A    
2 1B    
2 1C    
2 1D    
2 5    
2 6    
2 7    
2 8    
2 9    
2 A    
2 B    
2 C    
2 10    
2 11    
2 12    
2 13    
2 14    
2 15    
2 16    
2 17    
2 3C    
2 3D    
2 3E    
2 3F    
2 0    
2 1    
2 2    
2 3    
2 32    
2 33    
2 34    
2 35    
2 36    
2 37    
2 38    
2 39    
2 22    
2 23    
2 24    
2 25    
2 26    
2 27    
2 28    
2 29    
2 E    
2 F    
2 10    
2 11    
2 12    
2 13    
2 14    
2 15    
2 1A    
2 1B    
2 1C    
2 1D    
2 1E    
2 1F    
2 20    
2 21    
2 E    
2 F    
2 10    
2 11    
2 12    
2 13    
2 14    
2 15    
2 3    
2 4    
2 5    
2 6    
2 7    
2 8    
2 9    
2 A    
2 2C    
2 2D    
2 2E    
2 2F    
2 30    
2 31    
2 32    
2 33    
2 12    
2 13    
2 14    
2 15    
2 16    
2 17    
2 18    
2 19    
2 23    
2 24    
2 25    
2 26    