1 0
1 1
1 2
1 3
1 4
1 5
1 6
1 7
1 8
1 9
1 a
1 b
1 c
1 d
1 e
1 f
1 10
1 11
1 12
1 13
1 14
1 15
1 16
1 17
1 18
1 19
1 1a
1 1b
1 1c
1 1d
1 1e
1 1f
1 20
1 21
1 22
1 23
1 24
1 25
1 26
1 27
1 28
1 29
1 2a
1 2b
1 2c
1 2d
1 2e
1 2f
1 30
1 31
1 32
1 33
1 34
1 35
1 36
1 37
1 38
1 39
1 3a
1 3b
1 3c
1 3d
1 3e
1 3f
2 0
2 1
2 2
2 3
2 4
2 5
2 6
2 7
2 8
2 9
2 a
2 b
2 c
2 d
2 e
2 f
2 10
2 11
2 12
2 13
2 14
2 15
2 16
2 17
2 18
2 19
2 1a
2 1b
2 1c
2 1d
2 1e
2 1f
2 20
2 21
2 22
2 23
2 24
2 25
2 26
2 27
2 28
2 29
2 2a
2 2b
2 2c
2 2d
2 2e
2 2f
2 30
2 31
2 32
2 33
2 34
2 35
2 36
2 37
2 38
2 39
2 3a
2 3b
2 3c
2 3d
2 3e
2 3f
2 0
2 1
2 2
2 3
2 4
2 5
2 6
2 7
2 8
2 9
2 a
2 b
2 c
2 d
2 e
2 f
2 10
2 11
2 12
2 13
2 14
2 15
2 16
2 17
2 18
2 19
2 1a
2 1b
2 1c
2 1d
2 1e
2 1f
2 20
2 21
2 22
2 23
2 24
2 25
2 26
2 27
2 28
2 29
2 2a
2 2b
2 2c
2 2d
2 2e
2 2f
2 30
2 31
2 32
2 33
2 34
2 35
2 36
2 37
2 38
2 39
2 3a
2 3b
2 3c
2 3d
2 3e
2 3f
2 0
2 1
2 2
2 3
2 4
2 5
2 6
2 7
2 8
2 9
2 a
2 b
2 c
2 d
2 e
2 f
2 10
2 11
2 12
2 13
2 14
2 15
2 16
2 17
2 18
2 19
2 1a
2 1b
2 1c
2 1d
2 1e
2 1f
2 20
2 21
2 22
2 23
2 24
2 25
2 26
2 27
2 28
2 29
2 2a
2 2b
2 2c
2 2d
2 2e
2 2f
2 30
2 31
2 32
2 33
2 34
2 35
2 36
2 37
2 38
2 39
2 3a
2 3b
2 3c
2 3d
2 3e
2 3f
2 0
2 1
2 2
2 3
2 4
2 5
2 6
2 7
2 8
2 9
2 a
2 b
2 c
2 d
2 e
2 f
2 10
2 11
2 12
2 13
2 14
2 15
2 16
2 17
2 18
2 19
2 1a
2 1b
2 1c
2 1d
2 1e
2 1f
2 20
2 21
2 22
2 23
2 24
2 25
2 26
2 27
2 28
2 29
2 2a
2 2b
2 2c
2 2d
2 2e
2 2f
2 30
2 31
2 32
2 33
2 34
2 35
2 36
2 37
2 38
2 39
2 3a
2 3b
2 3c
2 3d
2 3e
2 3f
2 0
2 1
2 2
2 3
2 4
2 5
2 6
2 7
2 8
2 9
2 a
2 b
2 c
2 d
2 e
2 f
2 10
2 11
2 12
2 13
2 14
2 15
2 16
2 17
2 18
2 19
2 1a
2 1b
2 1c
2 1d
2 1e
2 1f
2 20
2 21
2 22
2 23
2 24
2 25
2 26
2 27
2 28
2 29
2 2a
2 2b
2 2c
2 2d
2 2e
2 2f
2 30
2 31
2 32
2 33
2 34
2 35
2 36
2 37
2 38
2 39
2 3a
2 3b
2 3c
2 3d
2 3e
2 3f
2 0
2 1
2 2
2 3
2 4
2 5
2 6
2 7
2 8
2 9
2 a
2 b
2 c
2 d
2 e
2 f
2 10
2 11
2 12
2 13
2 14
2 15
2 16
2 17
2 18
2 19
2 1a
2 1b
2 1c
2 1d
2 1e
2 1f
2 20
2 21
2 22
2 23
2 24
2 25
2 26
2 27
2 28
2 29
2 2a
2 2b
2 2c
2 2d
2 2e
2 2f
2 30
2 31
2 32
2 33
2 34
2 35
2 36
2 37
2 38
2 39
2 3a
2 3b
2 3c
2 3d
2 3e
2 3f
2 0
2 1
2 2
2 3
2 4
2 5
2 6
2 7
2 8
2 9
2 a
2 b
2 c
2 d
2 e
2 f
2 10
2 11
2 12
2 13
2 14
2 15
2 16
2 17
2 18
2 19
2 1a
2 1b
2 1c
2 1d
2 1e
2 1f
2 20
2 21
2 22
2 23
2 24
2 25
2 26
2 27
2 28
2 29
2 2a
2 2b
2 2c
2 2d
2 2e
2 2f
2 30
2 31
2 32
2 33
2 34
2 35
2 36
2 37
2 38
2 39
2 3a
2 3b
2 3c
2 3d
2 3e
2 3f
2 0
2 1
2 2
2 3
2 4
2 5
2 6
2 7
2 8
2 9
2 a
2 b
2 c
2 d
2 e
2 f
2 10
2 11
2 12
2 13
2 14
2 15
2 16
2 17
2 18
2 19
2 1a
2 1b
2 1c
2 1d
2 1e
2 1f
2 20
2 21
2 22
2 23
2 24
2 25
2 26
2 27
2 28
2 29
2 2a
2 2b
2 2c
2 2d
2 2e
2 2f
2 30
2 31
2 32
2 33